{
 "cells": [
  {
   "cell_type": "markdown",
   "metadata": {},
   "source": [
    "# Importing the Libraries"
   ]
  },
  {
   "cell_type": "code",
   "execution_count": 1,
   "metadata": {},
   "outputs": [],
   "source": [
    "import pandas as pd\n",
    "import numpy as np\n",
    "import matplotlib.pyplot as plt\n",
    "import seaborn as sns\n",
    "from sklearn.metrics import confusion_matrix, accuracy_score\n",
    "from sklearn.model_selection import cross_val_score\n",
    "from sklearn.model_selection import GridSearchCV\n",
    "import warnings\n",
    "warnings.filterwarnings('ignore')"
   ]
  },
  {
   "cell_type": "markdown",
   "metadata": {},
   "source": [
    "# Importing the Train Dataset"
   ]
  },
  {
   "cell_type": "code",
   "execution_count": 2,
   "metadata": {},
   "outputs": [],
   "source": [
    "insurance_churn_train = pd.read_csv('Insurance_Churn_ParticipantsData_Train.csv')"
   ]
  },
  {
   "cell_type": "code",
   "execution_count": 3,
   "metadata": {},
   "outputs": [
    {
     "data": {
      "text/html": [
       "<div>\n",
       "<style scoped>\n",
       "    .dataframe tbody tr th:only-of-type {\n",
       "        vertical-align: middle;\n",
       "    }\n",
       "\n",
       "    .dataframe tbody tr th {\n",
       "        vertical-align: top;\n",
       "    }\n",
       "\n",
       "    .dataframe thead th {\n",
       "        text-align: right;\n",
       "    }\n",
       "</style>\n",
       "<table border=\"1\" class=\"dataframe\">\n",
       "  <thead>\n",
       "    <tr style=\"text-align: right;\">\n",
       "      <th></th>\n",
       "      <th>feature_0</th>\n",
       "      <th>feature_1</th>\n",
       "      <th>feature_2</th>\n",
       "      <th>feature_3</th>\n",
       "      <th>feature_4</th>\n",
       "      <th>feature_5</th>\n",
       "      <th>feature_6</th>\n",
       "      <th>feature_7</th>\n",
       "      <th>feature_8</th>\n",
       "      <th>feature_9</th>\n",
       "      <th>feature_10</th>\n",
       "      <th>feature_11</th>\n",
       "      <th>feature_12</th>\n",
       "      <th>feature_13</th>\n",
       "      <th>feature_14</th>\n",
       "      <th>feature_15</th>\n",
       "      <th>labels</th>\n",
       "    </tr>\n",
       "  </thead>\n",
       "  <tbody>\n",
       "    <tr>\n",
       "      <td>0</td>\n",
       "      <td>-0.276515</td>\n",
       "      <td>-0.424429</td>\n",
       "      <td>1.344997</td>\n",
       "      <td>-0.012283</td>\n",
       "      <td>0.076230</td>\n",
       "      <td>1.076648</td>\n",
       "      <td>0.182198</td>\n",
       "      <td>3</td>\n",
       "      <td>0</td>\n",
       "      <td>1</td>\n",
       "      <td>0</td>\n",
       "      <td>0</td>\n",
       "      <td>0</td>\n",
       "      <td>0</td>\n",
       "      <td>10</td>\n",
       "      <td>2</td>\n",
       "      <td>1</td>\n",
       "    </tr>\n",
       "    <tr>\n",
       "      <td>1</td>\n",
       "      <td>0.853573</td>\n",
       "      <td>0.150991</td>\n",
       "      <td>0.503892</td>\n",
       "      <td>-0.979179</td>\n",
       "      <td>-0.569351</td>\n",
       "      <td>-0.411453</td>\n",
       "      <td>-0.251940</td>\n",
       "      <td>4</td>\n",
       "      <td>1</td>\n",
       "      <td>2</td>\n",
       "      <td>0</td>\n",
       "      <td>1</td>\n",
       "      <td>0</td>\n",
       "      <td>0</td>\n",
       "      <td>0</td>\n",
       "      <td>3</td>\n",
       "      <td>0</td>\n",
       "    </tr>\n",
       "    <tr>\n",
       "      <td>2</td>\n",
       "      <td>0.947747</td>\n",
       "      <td>-0.173832</td>\n",
       "      <td>1.825628</td>\n",
       "      <td>-0.703478</td>\n",
       "      <td>0.076230</td>\n",
       "      <td>-0.411453</td>\n",
       "      <td>-0.251940</td>\n",
       "      <td>6</td>\n",
       "      <td>1</td>\n",
       "      <td>2</td>\n",
       "      <td>0</td>\n",
       "      <td>0</td>\n",
       "      <td>0</td>\n",
       "      <td>0</td>\n",
       "      <td>5</td>\n",
       "      <td>3</td>\n",
       "      <td>0</td>\n",
       "    </tr>\n",
       "    <tr>\n",
       "      <td>3</td>\n",
       "      <td>0.853573</td>\n",
       "      <td>-0.381404</td>\n",
       "      <td>0.984523</td>\n",
       "      <td>-0.039464</td>\n",
       "      <td>-0.569351</td>\n",
       "      <td>-0.411453</td>\n",
       "      <td>-0.251940</td>\n",
       "      <td>4</td>\n",
       "      <td>0</td>\n",
       "      <td>2</td>\n",
       "      <td>0</td>\n",
       "      <td>1</td>\n",
       "      <td>0</td>\n",
       "      <td>0</td>\n",
       "      <td>5</td>\n",
       "      <td>3</td>\n",
       "      <td>0</td>\n",
       "    </tr>\n",
       "    <tr>\n",
       "      <td>4</td>\n",
       "      <td>1.324443</td>\n",
       "      <td>1.590527</td>\n",
       "      <td>-1.178318</td>\n",
       "      <td>-0.097711</td>\n",
       "      <td>-0.246560</td>\n",
       "      <td>-0.411453</td>\n",
       "      <td>-0.251940</td>\n",
       "      <td>0</td>\n",
       "      <td>1</td>\n",
       "      <td>1</td>\n",
       "      <td>0</td>\n",
       "      <td>0</td>\n",
       "      <td>0</td>\n",
       "      <td>0</td>\n",
       "      <td>8</td>\n",
       "      <td>3</td>\n",
       "      <td>0</td>\n",
       "    </tr>\n",
       "  </tbody>\n",
       "</table>\n",
       "</div>"
      ],
      "text/plain": [
       "   feature_0  feature_1  feature_2  feature_3  feature_4  feature_5  \\\n",
       "0  -0.276515  -0.424429   1.344997  -0.012283   0.076230   1.076648   \n",
       "1   0.853573   0.150991   0.503892  -0.979179  -0.569351  -0.411453   \n",
       "2   0.947747  -0.173832   1.825628  -0.703478   0.076230  -0.411453   \n",
       "3   0.853573  -0.381404   0.984523  -0.039464  -0.569351  -0.411453   \n",
       "4   1.324443   1.590527  -1.178318  -0.097711  -0.246560  -0.411453   \n",
       "\n",
       "   feature_6  feature_7  feature_8  feature_9  feature_10  feature_11  \\\n",
       "0   0.182198          3          0          1           0           0   \n",
       "1  -0.251940          4          1          2           0           1   \n",
       "2  -0.251940          6          1          2           0           0   \n",
       "3  -0.251940          4          0          2           0           1   \n",
       "4  -0.251940          0          1          1           0           0   \n",
       "\n",
       "   feature_12  feature_13  feature_14  feature_15  labels  \n",
       "0           0           0          10           2       1  \n",
       "1           0           0           0           3       0  \n",
       "2           0           0           5           3       0  \n",
       "3           0           0           5           3       0  \n",
       "4           0           0           8           3       0  "
      ]
     },
     "execution_count": 3,
     "metadata": {},
     "output_type": "execute_result"
    }
   ],
   "source": [
    "insurance_churn_train.head()"
   ]
  },
  {
   "cell_type": "markdown",
   "metadata": {},
   "source": [
    "# Data Wrangling"
   ]
  },
  {
   "cell_type": "code",
   "execution_count": 4,
   "metadata": {},
   "outputs": [
    {
     "name": "stdout",
     "output_type": "stream",
     "text": [
      "<class 'pandas.core.frame.DataFrame'>\n",
      "RangeIndex: 33908 entries, 0 to 33907\n",
      "Data columns (total 17 columns):\n",
      "feature_0     33908 non-null float64\n",
      "feature_1     33908 non-null float64\n",
      "feature_2     33908 non-null float64\n",
      "feature_3     33908 non-null float64\n",
      "feature_4     33908 non-null float64\n",
      "feature_5     33908 non-null float64\n",
      "feature_6     33908 non-null float64\n",
      "feature_7     33908 non-null int64\n",
      "feature_8     33908 non-null int64\n",
      "feature_9     33908 non-null int64\n",
      "feature_10    33908 non-null int64\n",
      "feature_11    33908 non-null int64\n",
      "feature_12    33908 non-null int64\n",
      "feature_13    33908 non-null int64\n",
      "feature_14    33908 non-null int64\n",
      "feature_15    33908 non-null int64\n",
      "labels        33908 non-null int64\n",
      "dtypes: float64(7), int64(10)\n",
      "memory usage: 4.4 MB\n"
     ]
    }
   ],
   "source": [
    "insurance_churn_train.info()"
   ]
  },
  {
   "cell_type": "code",
   "execution_count": 5,
   "metadata": {},
   "outputs": [
    {
     "data": {
      "text/plain": [
       "feature_0     0\n",
       "feature_1     0\n",
       "feature_2     0\n",
       "feature_3     0\n",
       "feature_4     0\n",
       "feature_5     0\n",
       "feature_6     0\n",
       "feature_7     0\n",
       "feature_8     0\n",
       "feature_9     0\n",
       "feature_10    0\n",
       "feature_11    0\n",
       "feature_12    0\n",
       "feature_13    0\n",
       "feature_14    0\n",
       "feature_15    0\n",
       "labels        0\n",
       "dtype: int64"
      ]
     },
     "execution_count": 5,
     "metadata": {},
     "output_type": "execute_result"
    }
   ],
   "source": [
    "insurance_churn_train.isnull().sum()"
   ]
  },
  {
   "cell_type": "code",
   "execution_count": 6,
   "metadata": {},
   "outputs": [
    {
     "data": {
      "text/plain": [
       "feature_0     float64\n",
       "feature_1     float64\n",
       "feature_2     float64\n",
       "feature_3     float64\n",
       "feature_4     float64\n",
       "feature_5     float64\n",
       "feature_6     float64\n",
       "feature_7       int64\n",
       "feature_8       int64\n",
       "feature_9       int64\n",
       "feature_10      int64\n",
       "feature_11      int64\n",
       "feature_12      int64\n",
       "feature_13      int64\n",
       "feature_14      int64\n",
       "feature_15      int64\n",
       "labels          int64\n",
       "dtype: object"
      ]
     },
     "execution_count": 6,
     "metadata": {},
     "output_type": "execute_result"
    }
   ],
   "source": [
    "insurance_churn_train.dtypes"
   ]
  },
  {
   "cell_type": "code",
   "execution_count": 7,
   "metadata": {},
   "outputs": [
    {
     "data": {
      "text/plain": [
       "(33908, 17)"
      ]
     },
     "execution_count": 7,
     "metadata": {},
     "output_type": "execute_result"
    }
   ],
   "source": [
    "insurance_churn_train.shape"
   ]
  },
  {
   "cell_type": "code",
   "execution_count": 8,
   "metadata": {},
   "outputs": [
    {
     "data": {
      "text/plain": [
       "Index(['feature_0', 'feature_1', 'feature_2', 'feature_3', 'feature_4',\n",
       "       'feature_5', 'feature_6', 'feature_7', 'feature_8', 'feature_9',\n",
       "       'feature_10', 'feature_11', 'feature_12', 'feature_13', 'feature_14',\n",
       "       'feature_15', 'labels'],\n",
       "      dtype='object')"
      ]
     },
     "execution_count": 8,
     "metadata": {},
     "output_type": "execute_result"
    }
   ],
   "source": [
    "insurance_churn_train.columns"
   ]
  },
  {
   "cell_type": "code",
   "execution_count": 9,
   "metadata": {},
   "outputs": [
    {
     "data": {
      "text/html": [
       "<div>\n",
       "<style scoped>\n",
       "    .dataframe tbody tr th:only-of-type {\n",
       "        vertical-align: middle;\n",
       "    }\n",
       "\n",
       "    .dataframe tbody tr th {\n",
       "        vertical-align: top;\n",
       "    }\n",
       "\n",
       "    .dataframe thead th {\n",
       "        text-align: right;\n",
       "    }\n",
       "</style>\n",
       "<table border=\"1\" class=\"dataframe\">\n",
       "  <thead>\n",
       "    <tr style=\"text-align: right;\">\n",
       "      <th></th>\n",
       "      <th>feature_0</th>\n",
       "      <th>feature_1</th>\n",
       "      <th>feature_2</th>\n",
       "      <th>feature_3</th>\n",
       "      <th>feature_4</th>\n",
       "      <th>feature_5</th>\n",
       "      <th>feature_6</th>\n",
       "      <th>feature_7</th>\n",
       "      <th>feature_8</th>\n",
       "      <th>feature_9</th>\n",
       "      <th>feature_10</th>\n",
       "      <th>feature_11</th>\n",
       "      <th>feature_12</th>\n",
       "      <th>feature_13</th>\n",
       "      <th>feature_14</th>\n",
       "      <th>feature_15</th>\n",
       "      <th>labels</th>\n",
       "    </tr>\n",
       "  </thead>\n",
       "  <tbody>\n",
       "    <tr>\n",
       "      <td>count</td>\n",
       "      <td>33908.000000</td>\n",
       "      <td>33908.000000</td>\n",
       "      <td>33908.000000</td>\n",
       "      <td>33908.000000</td>\n",
       "      <td>33908.000000</td>\n",
       "      <td>33908.000000</td>\n",
       "      <td>33908.000000</td>\n",
       "      <td>33908.000000</td>\n",
       "      <td>33908.000000</td>\n",
       "      <td>33908.000000</td>\n",
       "      <td>33908.000000</td>\n",
       "      <td>33908.000000</td>\n",
       "      <td>33908.000000</td>\n",
       "      <td>33908.000000</td>\n",
       "      <td>33908.000000</td>\n",
       "      <td>33908.000000</td>\n",
       "      <td>33908.000000</td>\n",
       "    </tr>\n",
       "    <tr>\n",
       "      <td>mean</td>\n",
       "      <td>-0.004158</td>\n",
       "      <td>0.002584</td>\n",
       "      <td>-0.000213</td>\n",
       "      <td>-0.000053</td>\n",
       "      <td>-0.000298</td>\n",
       "      <td>-0.004652</td>\n",
       "      <td>-0.007498</td>\n",
       "      <td>4.336381</td>\n",
       "      <td>1.171051</td>\n",
       "      <td>1.225345</td>\n",
       "      <td>0.018137</td>\n",
       "      <td>0.555503</td>\n",
       "      <td>0.159667</td>\n",
       "      <td>0.639407</td>\n",
       "      <td>5.520497</td>\n",
       "      <td>2.562375</td>\n",
       "      <td>0.116993</td>\n",
       "    </tr>\n",
       "    <tr>\n",
       "      <td>std</td>\n",
       "      <td>0.999776</td>\n",
       "      <td>1.014268</td>\n",
       "      <td>1.000872</td>\n",
       "      <td>1.002512</td>\n",
       "      <td>1.003724</td>\n",
       "      <td>0.993984</td>\n",
       "      <td>0.802696</td>\n",
       "      <td>3.273376</td>\n",
       "      <td>0.606730</td>\n",
       "      <td>0.749104</td>\n",
       "      <td>0.133450</td>\n",
       "      <td>0.496917</td>\n",
       "      <td>0.366303</td>\n",
       "      <td>0.897627</td>\n",
       "      <td>3.003241</td>\n",
       "      <td>0.987148</td>\n",
       "      <td>0.321417</td>\n",
       "    </tr>\n",
       "    <tr>\n",
       "      <td>min</td>\n",
       "      <td>-2.159994</td>\n",
       "      <td>-3.081149</td>\n",
       "      <td>-1.779108</td>\n",
       "      <td>-1.002478</td>\n",
       "      <td>-0.569351</td>\n",
       "      <td>-0.411453</td>\n",
       "      <td>-0.251940</td>\n",
       "      <td>0.000000</td>\n",
       "      <td>0.000000</td>\n",
       "      <td>0.000000</td>\n",
       "      <td>0.000000</td>\n",
       "      <td>0.000000</td>\n",
       "      <td>0.000000</td>\n",
       "      <td>0.000000</td>\n",
       "      <td>0.000000</td>\n",
       "      <td>0.000000</td>\n",
       "      <td>0.000000</td>\n",
       "    </tr>\n",
       "    <tr>\n",
       "      <td>25%</td>\n",
       "      <td>-0.747384</td>\n",
       "      <td>-0.422787</td>\n",
       "      <td>-0.938003</td>\n",
       "      <td>-0.602517</td>\n",
       "      <td>-0.569351</td>\n",
       "      <td>-0.411453</td>\n",
       "      <td>-0.251940</td>\n",
       "      <td>1.000000</td>\n",
       "      <td>1.000000</td>\n",
       "      <td>1.000000</td>\n",
       "      <td>0.000000</td>\n",
       "      <td>0.000000</td>\n",
       "      <td>0.000000</td>\n",
       "      <td>0.000000</td>\n",
       "      <td>3.000000</td>\n",
       "      <td>3.000000</td>\n",
       "      <td>0.000000</td>\n",
       "    </tr>\n",
       "    <tr>\n",
       "      <td>50%</td>\n",
       "      <td>-0.182341</td>\n",
       "      <td>-0.297324</td>\n",
       "      <td>0.023260</td>\n",
       "      <td>-0.303517</td>\n",
       "      <td>-0.246560</td>\n",
       "      <td>-0.411453</td>\n",
       "      <td>-0.251940</td>\n",
       "      <td>4.000000</td>\n",
       "      <td>1.000000</td>\n",
       "      <td>1.000000</td>\n",
       "      <td>0.000000</td>\n",
       "      <td>1.000000</td>\n",
       "      <td>0.000000</td>\n",
       "      <td>0.000000</td>\n",
       "      <td>6.000000</td>\n",
       "      <td>3.000000</td>\n",
       "      <td>0.000000</td>\n",
       "    </tr>\n",
       "    <tr>\n",
       "      <td>75%</td>\n",
       "      <td>0.665225</td>\n",
       "      <td>0.022901</td>\n",
       "      <td>0.624050</td>\n",
       "      <td>0.236237</td>\n",
       "      <td>0.076230</td>\n",
       "      <td>-0.411453</td>\n",
       "      <td>-0.251940</td>\n",
       "      <td>7.000000</td>\n",
       "      <td>2.000000</td>\n",
       "      <td>2.000000</td>\n",
       "      <td>0.000000</td>\n",
       "      <td>1.000000</td>\n",
       "      <td>0.000000</td>\n",
       "      <td>2.000000</td>\n",
       "      <td>8.000000</td>\n",
       "      <td>3.000000</td>\n",
       "      <td>0.000000</td>\n",
       "    </tr>\n",
       "    <tr>\n",
       "      <td>max</td>\n",
       "      <td>5.091402</td>\n",
       "      <td>33.094776</td>\n",
       "      <td>1.825628</td>\n",
       "      <td>18.094700</td>\n",
       "      <td>19.443647</td>\n",
       "      <td>8.127648</td>\n",
       "      <td>23.625644</td>\n",
       "      <td>11.000000</td>\n",
       "      <td>2.000000</td>\n",
       "      <td>3.000000</td>\n",
       "      <td>1.000000</td>\n",
       "      <td>1.000000</td>\n",
       "      <td>1.000000</td>\n",
       "      <td>2.000000</td>\n",
       "      <td>11.000000</td>\n",
       "      <td>3.000000</td>\n",
       "      <td>1.000000</td>\n",
       "    </tr>\n",
       "  </tbody>\n",
       "</table>\n",
       "</div>"
      ],
      "text/plain": [
       "          feature_0     feature_1     feature_2     feature_3     feature_4  \\\n",
       "count  33908.000000  33908.000000  33908.000000  33908.000000  33908.000000   \n",
       "mean      -0.004158      0.002584     -0.000213     -0.000053     -0.000298   \n",
       "std        0.999776      1.014268      1.000872      1.002512      1.003724   \n",
       "min       -2.159994     -3.081149     -1.779108     -1.002478     -0.569351   \n",
       "25%       -0.747384     -0.422787     -0.938003     -0.602517     -0.569351   \n",
       "50%       -0.182341     -0.297324      0.023260     -0.303517     -0.246560   \n",
       "75%        0.665225      0.022901      0.624050      0.236237      0.076230   \n",
       "max        5.091402     33.094776      1.825628     18.094700     19.443647   \n",
       "\n",
       "          feature_5     feature_6     feature_7     feature_8     feature_9  \\\n",
       "count  33908.000000  33908.000000  33908.000000  33908.000000  33908.000000   \n",
       "mean      -0.004652     -0.007498      4.336381      1.171051      1.225345   \n",
       "std        0.993984      0.802696      3.273376      0.606730      0.749104   \n",
       "min       -0.411453     -0.251940      0.000000      0.000000      0.000000   \n",
       "25%       -0.411453     -0.251940      1.000000      1.000000      1.000000   \n",
       "50%       -0.411453     -0.251940      4.000000      1.000000      1.000000   \n",
       "75%       -0.411453     -0.251940      7.000000      2.000000      2.000000   \n",
       "max        8.127648     23.625644     11.000000      2.000000      3.000000   \n",
       "\n",
       "         feature_10    feature_11    feature_12    feature_13    feature_14  \\\n",
       "count  33908.000000  33908.000000  33908.000000  33908.000000  33908.000000   \n",
       "mean       0.018137      0.555503      0.159667      0.639407      5.520497   \n",
       "std        0.133450      0.496917      0.366303      0.897627      3.003241   \n",
       "min        0.000000      0.000000      0.000000      0.000000      0.000000   \n",
       "25%        0.000000      0.000000      0.000000      0.000000      3.000000   \n",
       "50%        0.000000      1.000000      0.000000      0.000000      6.000000   \n",
       "75%        0.000000      1.000000      0.000000      2.000000      8.000000   \n",
       "max        1.000000      1.000000      1.000000      2.000000     11.000000   \n",
       "\n",
       "         feature_15        labels  \n",
       "count  33908.000000  33908.000000  \n",
       "mean       2.562375      0.116993  \n",
       "std        0.987148      0.321417  \n",
       "min        0.000000      0.000000  \n",
       "25%        3.000000      0.000000  \n",
       "50%        3.000000      0.000000  \n",
       "75%        3.000000      0.000000  \n",
       "max        3.000000      1.000000  "
      ]
     },
     "execution_count": 9,
     "metadata": {},
     "output_type": "execute_result"
    }
   ],
   "source": [
    "insurance_churn_train.describe()"
   ]
  },
  {
   "cell_type": "markdown",
   "metadata": {},
   "source": [
    "## Correlation HeatMap"
   ]
  },
  {
   "cell_type": "code",
   "execution_count": 10,
   "metadata": {},
   "outputs": [
    {
     "data": {
      "text/html": [
       "<div>\n",
       "<style scoped>\n",
       "    .dataframe tbody tr th:only-of-type {\n",
       "        vertical-align: middle;\n",
       "    }\n",
       "\n",
       "    .dataframe tbody tr th {\n",
       "        vertical-align: top;\n",
       "    }\n",
       "\n",
       "    .dataframe thead th {\n",
       "        text-align: right;\n",
       "    }\n",
       "</style>\n",
       "<table border=\"1\" class=\"dataframe\">\n",
       "  <thead>\n",
       "    <tr style=\"text-align: right;\">\n",
       "      <th></th>\n",
       "      <th>feature_0</th>\n",
       "      <th>feature_1</th>\n",
       "      <th>feature_2</th>\n",
       "      <th>feature_3</th>\n",
       "      <th>feature_4</th>\n",
       "      <th>feature_5</th>\n",
       "      <th>feature_6</th>\n",
       "      <th>feature_7</th>\n",
       "      <th>feature_8</th>\n",
       "      <th>feature_9</th>\n",
       "      <th>feature_10</th>\n",
       "      <th>feature_11</th>\n",
       "      <th>feature_12</th>\n",
       "      <th>feature_13</th>\n",
       "      <th>feature_14</th>\n",
       "      <th>feature_15</th>\n",
       "      <th>labels</th>\n",
       "    </tr>\n",
       "  </thead>\n",
       "  <tbody>\n",
       "    <tr>\n",
       "      <td>feature_0</td>\n",
       "      <td>1.000000</td>\n",
       "      <td>0.096391</td>\n",
       "      <td>-0.011224</td>\n",
       "      <td>-0.007262</td>\n",
       "      <td>0.003125</td>\n",
       "      <td>-0.021076</td>\n",
       "      <td>0.003105</td>\n",
       "      <td>-0.020858</td>\n",
       "      <td>-0.406850</td>\n",
       "      <td>-0.105244</td>\n",
       "      <td>-0.020580</td>\n",
       "      <td>-0.182078</td>\n",
       "      <td>-0.015597</td>\n",
       "      <td>0.028699</td>\n",
       "      <td>-0.040374</td>\n",
       "      <td>0.006381</td>\n",
       "      <td>0.019405</td>\n",
       "    </tr>\n",
       "    <tr>\n",
       "      <td>feature_1</td>\n",
       "      <td>0.096391</td>\n",
       "      <td>1.000000</td>\n",
       "      <td>0.005365</td>\n",
       "      <td>0.017720</td>\n",
       "      <td>-0.013162</td>\n",
       "      <td>0.004524</td>\n",
       "      <td>0.021292</td>\n",
       "      <td>0.018648</td>\n",
       "      <td>-0.000714</td>\n",
       "      <td>0.065006</td>\n",
       "      <td>-0.066072</td>\n",
       "      <td>-0.070495</td>\n",
       "      <td>-0.083485</td>\n",
       "      <td>-0.030686</td>\n",
       "      <td>0.015220</td>\n",
       "      <td>-0.021289</td>\n",
       "      <td>0.048611</td>\n",
       "    </tr>\n",
       "    <tr>\n",
       "      <td>feature_2</td>\n",
       "      <td>-0.011224</td>\n",
       "      <td>0.005365</td>\n",
       "      <td>1.000000</td>\n",
       "      <td>-0.031505</td>\n",
       "      <td>0.162574</td>\n",
       "      <td>-0.095046</td>\n",
       "      <td>-0.055874</td>\n",
       "      <td>0.023044</td>\n",
       "      <td>-0.006331</td>\n",
       "      <td>0.022440</td>\n",
       "      <td>0.012235</td>\n",
       "      <td>-0.027770</td>\n",
       "      <td>0.007430</td>\n",
       "      <td>-0.029314</td>\n",
       "      <td>-0.005105</td>\n",
       "      <td>0.084358</td>\n",
       "      <td>-0.033345</td>\n",
       "    </tr>\n",
       "    <tr>\n",
       "      <td>feature_3</td>\n",
       "      <td>-0.007262</td>\n",
       "      <td>0.017720</td>\n",
       "      <td>-0.031505</td>\n",
       "      <td>1.000000</td>\n",
       "      <td>-0.084617</td>\n",
       "      <td>0.001482</td>\n",
       "      <td>0.001489</td>\n",
       "      <td>0.000688</td>\n",
       "      <td>0.011788</td>\n",
       "      <td>0.003468</td>\n",
       "      <td>-0.010831</td>\n",
       "      <td>0.009210</td>\n",
       "      <td>-0.009263</td>\n",
       "      <td>-0.020733</td>\n",
       "      <td>0.006277</td>\n",
       "      <td>0.009662</td>\n",
       "      <td>0.392971</td>\n",
       "    </tr>\n",
       "    <tr>\n",
       "      <td>feature_4</td>\n",
       "      <td>0.003125</td>\n",
       "      <td>-0.013162</td>\n",
       "      <td>0.162574</td>\n",
       "      <td>-0.084617</td>\n",
       "      <td>1.000000</td>\n",
       "      <td>-0.091533</td>\n",
       "      <td>-0.045145</td>\n",
       "      <td>0.007676</td>\n",
       "      <td>-0.009894</td>\n",
       "      <td>0.004970</td>\n",
       "      <td>0.017115</td>\n",
       "      <td>-0.020753</td>\n",
       "      <td>0.005064</td>\n",
       "      <td>0.024970</td>\n",
       "      <td>-0.109652</td>\n",
       "      <td>0.105265</td>\n",
       "      <td>-0.075025</td>\n",
       "    </tr>\n",
       "    <tr>\n",
       "      <td>feature_5</td>\n",
       "      <td>-0.021076</td>\n",
       "      <td>0.004524</td>\n",
       "      <td>-0.095046</td>\n",
       "      <td>0.001482</td>\n",
       "      <td>-0.091533</td>\n",
       "      <td>1.000000</td>\n",
       "      <td>0.547919</td>\n",
       "      <td>-0.022786</td>\n",
       "      <td>0.017101</td>\n",
       "      <td>0.003437</td>\n",
       "      <td>-0.027930</td>\n",
       "      <td>0.122215</td>\n",
       "      <td>-0.022871</td>\n",
       "      <td>-0.243657</td>\n",
       "      <td>0.031530</td>\n",
       "      <td>-0.856851</td>\n",
       "      <td>0.106239</td>\n",
       "    </tr>\n",
       "    <tr>\n",
       "      <td>feature_6</td>\n",
       "      <td>0.003105</td>\n",
       "      <td>0.021292</td>\n",
       "      <td>-0.055874</td>\n",
       "      <td>0.001489</td>\n",
       "      <td>-0.045145</td>\n",
       "      <td>0.547919</td>\n",
       "      <td>1.000000</td>\n",
       "      <td>0.001753</td>\n",
       "      <td>0.019752</td>\n",
       "      <td>0.021266</td>\n",
       "      <td>-0.018799</td>\n",
       "      <td>0.039526</td>\n",
       "      <td>-0.010990</td>\n",
       "      <td>-0.176610</td>\n",
       "      <td>0.030134</td>\n",
       "      <td>-0.594264</td>\n",
       "      <td>0.119322</td>\n",
       "    </tr>\n",
       "    <tr>\n",
       "      <td>feature_7</td>\n",
       "      <td>-0.020858</td>\n",
       "      <td>0.018648</td>\n",
       "      <td>0.023044</td>\n",
       "      <td>0.000688</td>\n",
       "      <td>0.007676</td>\n",
       "      <td>-0.022786</td>\n",
       "      <td>0.001753</td>\n",
       "      <td>1.000000</td>\n",
       "      <td>0.058998</td>\n",
       "      <td>0.163618</td>\n",
       "      <td>-0.007553</td>\n",
       "      <td>-0.124799</td>\n",
       "      <td>-0.034169</td>\n",
       "      <td>-0.080982</td>\n",
       "      <td>-0.091335</td>\n",
       "      <td>0.009890</td>\n",
       "      <td>0.038588</td>\n",
       "    </tr>\n",
       "    <tr>\n",
       "      <td>feature_8</td>\n",
       "      <td>-0.406850</td>\n",
       "      <td>-0.000714</td>\n",
       "      <td>-0.006331</td>\n",
       "      <td>0.011788</td>\n",
       "      <td>-0.009894</td>\n",
       "      <td>0.017101</td>\n",
       "      <td>0.019752</td>\n",
       "      <td>0.058998</td>\n",
       "      <td>1.000000</td>\n",
       "      <td>0.108495</td>\n",
       "      <td>-0.005900</td>\n",
       "      <td>-0.014665</td>\n",
       "      <td>-0.046986</td>\n",
       "      <td>-0.035879</td>\n",
       "      <td>-0.005906</td>\n",
       "      <td>-0.015697</td>\n",
       "      <td>0.046193</td>\n",
       "    </tr>\n",
       "    <tr>\n",
       "      <td>feature_9</td>\n",
       "      <td>-0.105244</td>\n",
       "      <td>0.065006</td>\n",
       "      <td>0.022440</td>\n",
       "      <td>0.003468</td>\n",
       "      <td>0.004970</td>\n",
       "      <td>0.003437</td>\n",
       "      <td>0.021266</td>\n",
       "      <td>0.163618</td>\n",
       "      <td>0.108495</td>\n",
       "      <td>1.000000</td>\n",
       "      <td>-0.013744</td>\n",
       "      <td>-0.090923</td>\n",
       "      <td>-0.046003</td>\n",
       "      <td>-0.112665</td>\n",
       "      <td>-0.058534</td>\n",
       "      <td>-0.022458</td>\n",
       "      <td>0.068356</td>\n",
       "    </tr>\n",
       "    <tr>\n",
       "      <td>feature_10</td>\n",
       "      <td>-0.020580</td>\n",
       "      <td>-0.066072</td>\n",
       "      <td>0.012235</td>\n",
       "      <td>-0.010831</td>\n",
       "      <td>0.017115</td>\n",
       "      <td>-0.027930</td>\n",
       "      <td>-0.018799</td>\n",
       "      <td>-0.007553</td>\n",
       "      <td>-0.005900</td>\n",
       "      <td>-0.013744</td>\n",
       "      <td>1.000000</td>\n",
       "      <td>-0.005174</td>\n",
       "      <td>0.078315</td>\n",
       "      <td>0.013976</td>\n",
       "      <td>0.013017</td>\n",
       "      <td>0.032717</td>\n",
       "      <td>-0.023344</td>\n",
       "    </tr>\n",
       "    <tr>\n",
       "      <td>feature_11</td>\n",
       "      <td>-0.182078</td>\n",
       "      <td>-0.070495</td>\n",
       "      <td>-0.027770</td>\n",
       "      <td>0.009210</td>\n",
       "      <td>-0.020753</td>\n",
       "      <td>0.122215</td>\n",
       "      <td>0.039526</td>\n",
       "      <td>-0.124799</td>\n",
       "      <td>-0.014665</td>\n",
       "      <td>-0.090923</td>\n",
       "      <td>-0.005174</td>\n",
       "      <td>1.000000</td>\n",
       "      <td>0.042371</td>\n",
       "      <td>0.188053</td>\n",
       "      <td>0.267342</td>\n",
       "      <td>-0.099257</td>\n",
       "      <td>-0.135662</td>\n",
       "    </tr>\n",
       "    <tr>\n",
       "      <td>feature_12</td>\n",
       "      <td>-0.015597</td>\n",
       "      <td>-0.083485</td>\n",
       "      <td>0.007430</td>\n",
       "      <td>-0.009263</td>\n",
       "      <td>0.005064</td>\n",
       "      <td>-0.022871</td>\n",
       "      <td>-0.010990</td>\n",
       "      <td>-0.034169</td>\n",
       "      <td>-0.046986</td>\n",
       "      <td>-0.046003</td>\n",
       "      <td>0.078315</td>\n",
       "      <td>0.042371</td>\n",
       "      <td>1.000000</td>\n",
       "      <td>-0.010203</td>\n",
       "      <td>0.025174</td>\n",
       "      <td>0.016092</td>\n",
       "      <td>-0.065480</td>\n",
       "    </tr>\n",
       "    <tr>\n",
       "      <td>feature_13</td>\n",
       "      <td>0.028699</td>\n",
       "      <td>-0.030686</td>\n",
       "      <td>-0.029314</td>\n",
       "      <td>-0.020733</td>\n",
       "      <td>0.024970</td>\n",
       "      <td>-0.243657</td>\n",
       "      <td>-0.176610</td>\n",
       "      <td>-0.080982</td>\n",
       "      <td>-0.035879</td>\n",
       "      <td>-0.112665</td>\n",
       "      <td>0.013976</td>\n",
       "      <td>0.188053</td>\n",
       "      <td>-0.010203</td>\n",
       "      <td>1.000000</td>\n",
       "      <td>0.361038</td>\n",
       "      <td>0.270935</td>\n",
       "      <td>-0.148583</td>\n",
       "    </tr>\n",
       "    <tr>\n",
       "      <td>feature_14</td>\n",
       "      <td>-0.040374</td>\n",
       "      <td>0.015220</td>\n",
       "      <td>-0.005105</td>\n",
       "      <td>0.006277</td>\n",
       "      <td>-0.109652</td>\n",
       "      <td>0.031530</td>\n",
       "      <td>0.030134</td>\n",
       "      <td>-0.091335</td>\n",
       "      <td>-0.005906</td>\n",
       "      <td>-0.058534</td>\n",
       "      <td>0.013017</td>\n",
       "      <td>0.267342</td>\n",
       "      <td>0.025174</td>\n",
       "      <td>0.361038</td>\n",
       "      <td>1.000000</td>\n",
       "      <td>-0.033727</td>\n",
       "      <td>-0.026178</td>\n",
       "    </tr>\n",
       "    <tr>\n",
       "      <td>feature_15</td>\n",
       "      <td>0.006381</td>\n",
       "      <td>-0.021289</td>\n",
       "      <td>0.084358</td>\n",
       "      <td>0.009662</td>\n",
       "      <td>0.105265</td>\n",
       "      <td>-0.856851</td>\n",
       "      <td>-0.594264</td>\n",
       "      <td>0.009890</td>\n",
       "      <td>-0.015697</td>\n",
       "      <td>-0.022458</td>\n",
       "      <td>0.032717</td>\n",
       "      <td>-0.099257</td>\n",
       "      <td>0.016092</td>\n",
       "      <td>0.270935</td>\n",
       "      <td>-0.033727</td>\n",
       "      <td>1.000000</td>\n",
       "      <td>-0.079190</td>\n",
       "    </tr>\n",
       "    <tr>\n",
       "      <td>labels</td>\n",
       "      <td>0.019405</td>\n",
       "      <td>0.048611</td>\n",
       "      <td>-0.033345</td>\n",
       "      <td>0.392971</td>\n",
       "      <td>-0.075025</td>\n",
       "      <td>0.106239</td>\n",
       "      <td>0.119322</td>\n",
       "      <td>0.038588</td>\n",
       "      <td>0.046193</td>\n",
       "      <td>0.068356</td>\n",
       "      <td>-0.023344</td>\n",
       "      <td>-0.135662</td>\n",
       "      <td>-0.065480</td>\n",
       "      <td>-0.148583</td>\n",
       "      <td>-0.026178</td>\n",
       "      <td>-0.079190</td>\n",
       "      <td>1.000000</td>\n",
       "    </tr>\n",
       "  </tbody>\n",
       "</table>\n",
       "</div>"
      ],
      "text/plain": [
       "            feature_0  feature_1  feature_2  feature_3  feature_4  feature_5  \\\n",
       "feature_0    1.000000   0.096391  -0.011224  -0.007262   0.003125  -0.021076   \n",
       "feature_1    0.096391   1.000000   0.005365   0.017720  -0.013162   0.004524   \n",
       "feature_2   -0.011224   0.005365   1.000000  -0.031505   0.162574  -0.095046   \n",
       "feature_3   -0.007262   0.017720  -0.031505   1.000000  -0.084617   0.001482   \n",
       "feature_4    0.003125  -0.013162   0.162574  -0.084617   1.000000  -0.091533   \n",
       "feature_5   -0.021076   0.004524  -0.095046   0.001482  -0.091533   1.000000   \n",
       "feature_6    0.003105   0.021292  -0.055874   0.001489  -0.045145   0.547919   \n",
       "feature_7   -0.020858   0.018648   0.023044   0.000688   0.007676  -0.022786   \n",
       "feature_8   -0.406850  -0.000714  -0.006331   0.011788  -0.009894   0.017101   \n",
       "feature_9   -0.105244   0.065006   0.022440   0.003468   0.004970   0.003437   \n",
       "feature_10  -0.020580  -0.066072   0.012235  -0.010831   0.017115  -0.027930   \n",
       "feature_11  -0.182078  -0.070495  -0.027770   0.009210  -0.020753   0.122215   \n",
       "feature_12  -0.015597  -0.083485   0.007430  -0.009263   0.005064  -0.022871   \n",
       "feature_13   0.028699  -0.030686  -0.029314  -0.020733   0.024970  -0.243657   \n",
       "feature_14  -0.040374   0.015220  -0.005105   0.006277  -0.109652   0.031530   \n",
       "feature_15   0.006381  -0.021289   0.084358   0.009662   0.105265  -0.856851   \n",
       "labels       0.019405   0.048611  -0.033345   0.392971  -0.075025   0.106239   \n",
       "\n",
       "            feature_6  feature_7  feature_8  feature_9  feature_10  \\\n",
       "feature_0    0.003105  -0.020858  -0.406850  -0.105244   -0.020580   \n",
       "feature_1    0.021292   0.018648  -0.000714   0.065006   -0.066072   \n",
       "feature_2   -0.055874   0.023044  -0.006331   0.022440    0.012235   \n",
       "feature_3    0.001489   0.000688   0.011788   0.003468   -0.010831   \n",
       "feature_4   -0.045145   0.007676  -0.009894   0.004970    0.017115   \n",
       "feature_5    0.547919  -0.022786   0.017101   0.003437   -0.027930   \n",
       "feature_6    1.000000   0.001753   0.019752   0.021266   -0.018799   \n",
       "feature_7    0.001753   1.000000   0.058998   0.163618   -0.007553   \n",
       "feature_8    0.019752   0.058998   1.000000   0.108495   -0.005900   \n",
       "feature_9    0.021266   0.163618   0.108495   1.000000   -0.013744   \n",
       "feature_10  -0.018799  -0.007553  -0.005900  -0.013744    1.000000   \n",
       "feature_11   0.039526  -0.124799  -0.014665  -0.090923   -0.005174   \n",
       "feature_12  -0.010990  -0.034169  -0.046986  -0.046003    0.078315   \n",
       "feature_13  -0.176610  -0.080982  -0.035879  -0.112665    0.013976   \n",
       "feature_14   0.030134  -0.091335  -0.005906  -0.058534    0.013017   \n",
       "feature_15  -0.594264   0.009890  -0.015697  -0.022458    0.032717   \n",
       "labels       0.119322   0.038588   0.046193   0.068356   -0.023344   \n",
       "\n",
       "            feature_11  feature_12  feature_13  feature_14  feature_15  \\\n",
       "feature_0    -0.182078   -0.015597    0.028699   -0.040374    0.006381   \n",
       "feature_1    -0.070495   -0.083485   -0.030686    0.015220   -0.021289   \n",
       "feature_2    -0.027770    0.007430   -0.029314   -0.005105    0.084358   \n",
       "feature_3     0.009210   -0.009263   -0.020733    0.006277    0.009662   \n",
       "feature_4    -0.020753    0.005064    0.024970   -0.109652    0.105265   \n",
       "feature_5     0.122215   -0.022871   -0.243657    0.031530   -0.856851   \n",
       "feature_6     0.039526   -0.010990   -0.176610    0.030134   -0.594264   \n",
       "feature_7    -0.124799   -0.034169   -0.080982   -0.091335    0.009890   \n",
       "feature_8    -0.014665   -0.046986   -0.035879   -0.005906   -0.015697   \n",
       "feature_9    -0.090923   -0.046003   -0.112665   -0.058534   -0.022458   \n",
       "feature_10   -0.005174    0.078315    0.013976    0.013017    0.032717   \n",
       "feature_11    1.000000    0.042371    0.188053    0.267342   -0.099257   \n",
       "feature_12    0.042371    1.000000   -0.010203    0.025174    0.016092   \n",
       "feature_13    0.188053   -0.010203    1.000000    0.361038    0.270935   \n",
       "feature_14    0.267342    0.025174    0.361038    1.000000   -0.033727   \n",
       "feature_15   -0.099257    0.016092    0.270935   -0.033727    1.000000   \n",
       "labels       -0.135662   -0.065480   -0.148583   -0.026178   -0.079190   \n",
       "\n",
       "              labels  \n",
       "feature_0   0.019405  \n",
       "feature_1   0.048611  \n",
       "feature_2  -0.033345  \n",
       "feature_3   0.392971  \n",
       "feature_4  -0.075025  \n",
       "feature_5   0.106239  \n",
       "feature_6   0.119322  \n",
       "feature_7   0.038588  \n",
       "feature_8   0.046193  \n",
       "feature_9   0.068356  \n",
       "feature_10 -0.023344  \n",
